23.45
67.12
5.98
91.30
44.77
12.05
78.66
36.91
84.50
9.33
55.12
48.87
72.41
19.56
63.99
30.11
7.88
80.44
51.77
27.22
14.68
99.05
42.13
58.94
33.81
76.29
6.47
89.31
41.20
11.90
65.33
53.88
29.44
87.76
35.19
4.57
71.02
18.89
59.77
46.50
26.14
95.66
38.25
22.11
81.99
49.41
3.88
74.63
34.77
16.25
61.33
40.02
10.67
84.12
32.58
7.44
69.90
24.77
55.99
13.22
90.01
37.66
62.12
28.44
96.33
47.77
15.99
73.88
39.44
5.12
82.55
21.90
50.44
18.33
77.12
33.99
8.44
70.66
43.12
14.77
88.99
31.22
60.11
25.88
93.77
36.44
11.22
68.33
45.55
19.12
85.44
27.66
52.33
9.77
79.55
39.88